1001
1306
1332
1357
1489
1545
1605
1655
1662
1802
1803
1812
1860
1878
1893
1911
1925
1928
1963
2127
2146
2181
2264
2331
2413
2432
2492
2501
2502
2503
2579
2670
2695
2726
2768
2801
2802
2871
2897
2914
3003
3038
3064
3086
3088
3092
3099
3110
3133
3186
3197
3231
3289
3350
3382
3387
3391
3402
3405
3407
3436
3482
3563
3565
3626
3635
3659
3697
3861
3905
3923
4004
4005
4042
4062
4063
4151
4183
4188
4204
4259
4307
4324
4373
4385
4443
4452
4502
4503
4506
4507
4519
4523
4528
4536
4543
4568
4578
4612
4661
4680
4684
4689
4732
4751
4755
4768
4784
4901
4902
4911
4912
4980
5016
5019
5020
5076
5108
5110
5201
5253
5301
5332
5333
5401
5406
5411
5445
5471
5631
5706
5711
5713
5801
5802
5803
5831
5838
5938
6098
6113
6141
6146
6178
6268
6301
6315
6323
6324
6326
6330
6361
6367
6383
6471
6472
6473
6479
6481
6501
6503
6506
6525
6526
6532
6594
6619
6645
6701
6702
6723
6724
6740
6752
6753
6754
6758
6762
6770
6841
6845
6857
6869
6871
6902
6920
6952
6954
6963
6965
6971
6976
6981
6988
6996
6997
7003
7011
7012
7013
7014
7167
7180
7181
7182
7186
7201
7202
7203
7211
7220
7245
7259
7261
7267
7269
7270
7272
7453
7532
7649
7685
7731
7733
7735
7741
7751
7752
7762
7803
7832
7911
7912
7936
7951
7974
8001
8002
8015
8016
8031
8035
8053
8058
8113
8136
8233
8267
8304
8306
8308
8309
8316
8331
8338
8359
8410
8411
8473
8524
8572
8591
8593
8601
8604
8630
8697
8698
8725
8750
8783
8795
8801
8802
8804
8830
9005
9007
9008
9009
9020
9021
9022
9023
9024
9042
9064
9101
9104
9107
9147
9201
9202
9412
9432
9433
9434
9501
9502
9503
9504
9506
9508
9509
9531
9533
9602
9697
9735
9763
9831
9843
9962
9983
9984
285A
543A
8766
